[intelpol4.jpg]
backuphash=35971
[OD.jpg]
backuphash=28661
text=1;140;17;Object &#010;Detection;Arial;0.162295,0.250259,0.200000,0.000000;v1,4294967295,4289790009,128.000000,1.000000,0.018692,1.000000,700,256,49152;;
textactive=1
moddate=007db4b173fcd201
